Apolipoprotein_A 10	108854845	122872635
Apolipoprotein_A 10	114721237	131572206
Apolipoprotein_A 10	24632135	37176530
Apolipoprotein_A 10	36385519	53432694
Apolipoprotein_A 10	55133593	74081216
Apolipoprotein_A 10	70972897	90570267
Apolipoprotein_A 10	838378	14124242
Apolipoprotein_A 10	84536774	91516799
Apolipoprotein_A 10	88461216	104374815
Apolipoprotein_A 10	93712517	109454431
Apolipoprotein_A 11	100574242	119457123
Apolipoprotein_A 11	106775493	126598822
Apolipoprotein_A 11	114643099	126884729
Apolipoprotein_A 11	115206552	132478503
Apolipoprotein_A 11	118223362	128479511
Apolipoprotein_A 11	19583871	33606006
Apolipoprotein_A 11	396294	19785337
Apolipoprotein_A 11	40207393	57334820
Apolipoprotein_A 11	51593954	70541707
Apolipoprotein_A 11	565873	10217745
Apolipoprotein_A 11	57739688	74105105
Apolipoprotein_A 11	63861317	76433746
Apolipoprotein_A 11	65473798	85445826
Apolipoprotein_A 11	95183818	111223516
Apolipoprotein_A 12	101102543	119764430
Apolipoprotein_A 12	103447647	121064024
Apolipoprotein_A 12	113939922	133349175
Apolipoprotein_A 12	115850045	133513209
Apolipoprotein_A 12	14224416	30141322
Apolipoprotein_A 12	1762968	16473848
Apolipoprotein_A 12	47036355	63054430
Apolipoprotein_A 12	48443346	67661205
Apolipoprotein_A 12	588372	18195007
Apolipoprotein_A 12	63047610	75837418
Apolipoprotein_A 13	20802923	36455493
Apolipoprotein_A 13	22863284	31966060
Apolipoprotein_A 13	40765013	55558565
Apolipoprotein_A 14	44021703	58707253
Apolipoprotein_A 14	61655334	78037871
Apolipoprotein_A 14	65525794	81741802
Apolipoprotein_A 14	72488357	90784612
Apolipoprotein_A 14	92461963	103387971
Apolipoprotein_A 14	97189483	105610361
Apolipoprotein_A 15	33159511	51652101
Apolipoprotein_A 15	39572353	53606350
Apolipoprotein_A 15	49765452	67546588
Apolipoprotein_A 15	54169875	73322940
Apolipoprotein_A 15	67980971	84159028
Apolipoprotein_A 15	81520663	101130926
Apolipoprotein_A 15	93488094	102070619
Apolipoprotein_A 16	19532043	31378235
Apolipoprotein_A 16	49930712	67013043
Apolipoprotein_A 16	57984510	77961659
Apolipoprotein_A 16	5992049	23831223
Apolipoprotein_A 16	71600389	89913008
Apolipoprotein_A 17	16705018	35015848
Apolipoprotein_A 17	249214	11491306
Apolipoprotein_A 17	27912415	47045009
Apolipoprotein_A 17	33775713	51475479
Apolipoprotein_A 17	433383	18081615
Apolipoprotein_A 17	57538340	75809994
Apolipoprotein_A 17	66407929	80535141
Apolipoprotein_A 18	14294360	30942910
Apolipoprotein_A 18	179766	12962387
Apolipoprotein_A 18	39505927	57088063
Apolipoprotein_A 18	48244679	62581841
Apolipoprotein_A 18	9775220	29612364
Apolipoprotein_A 19	1898972	18694634
Apolipoprotein_A 19	29799264	42728242
Apolipoprotein_A 19	31788799	49248730
Apolipoprotein_A 19	35782958	54862447
Apolipoprotein_A 19	38863072	53597965
Apolipoprotein_A 19	41139577	57223165
Apolipoprotein_A 19	412084	13909887
Apolipoprotein_A 19	43960114	53930881
Apolipoprotein_A 19	44825944	57473424
Apolipoprotein_A 19	45818526	56225150
Apolipoprotein_A 19	930658	18614935
Apolipoprotein_A 1	103758391	115673607
Apolipoprotein_A 1	12276983	30366278
Apolipoprotein_A 1	145473273	161937774
Apolipoprotein_A 1	146531919	158964158
Apolipoprotein_A 1	154812280	171614305
Apolipoprotein_A 1	169056077	186339296
Apolipoprotein_A 1	17231685	34444056
Apolipoprotein_A 1	173658207	192101664
Apolipoprotein_A 1	196227134	214358758
Apolipoprotein_A 1	20413930	29460759
Apolipoprotein_A 1	211377218	230419480
Apolipoprotein_A 1	214597706	233985274
Apolipoprotein_A 1	220850343	239171877
Apolipoprotein_A 1	225051515	243911655
Apolipoprotein_A 1	225560427	244017865
Apolipoprotein_A 1	35614987	46603348
Apolipoprotein_A 1	54776596	72940273
Apolipoprotein_A 1	58305432	72846460
Apolipoprotein_A 1	844343	9349150
Apolipoprotein_A 1	85683583	98666383
Apolipoprotein_A 20	10954486	26306351
Apolipoprotein_A 20	25246652	39993463
Apolipoprotein_A 20	33020957	52300359
Apolipoprotein_A 20	36141539	46426042
Apolipoprotein_A 20	37513398	56325452
Apolipoprotein_A 20	56468604	62767017
Apolipoprotein_A 21	36421331	48027070
Apolipoprotein_A 21	37534899	48017197
Apolipoprotein_A 22	17427037	31913271
Apolipoprotein_A 22	24245292	39678312
Apolipoprotein_A 22	36530428	50439798
Apolipoprotein_A 2	121202153	138000226
Apolipoprotein_A 2	12297974	30514572
Apolipoprotein_A 2	12388449	30053630
Apolipoprotein_A 2	128347426	145702253
Apolipoprotein_A 2	156500331	174880861
Apolipoprotein_A 2	160891201	179013814
Apolipoprotein_A 2	18711415	37429352
Apolipoprotein_A 2	201597463	220381063
Apolipoprotein_A 2	218592400	235674013
Apolipoprotein_A 2	232535625	242491777
Apolipoprotein_A 2	30762	12399812
Apolipoprotein_A 3	100599193	115014400
Apolipoprotein_A 3	111643939	127410033
Apolipoprotein_A 3	124323762	142001480
Apolipoprotein_A 3	126948147	145618127
Apolipoprotein_A 3	146810813	164952567
Apolipoprotein_A 3	177584808	195754452
Apolipoprotein_A 3	2779136	22119353
Apolipoprotein_A 3	41943431	57721535
Apolipoprotein_A 4	103391275	120360863
Apolipoprotein_A 4	16600481	35310588
Apolipoprotein_A 4	30856373	48059843
Apolipoprotein_A 4	48127262	65082027
Apolipoprotein_A 4	59842702	76887465
Apolipoprotein_A 4	714936	8299162
Apolipoprotein_A 4	80676672	96181408
Apolipoprotein_A 4	80722857	96115418
Apolipoprotein_A 4	90606597	110068771
Apolipoprotein_A 4	95713679	113102482
Apolipoprotein_A 5	101550484	119389024
Apolipoprotein_A 5	117397239	137145358
Apolipoprotein_A 5	125525215	143097753
Apolipoprotein_A 5	144263165	158559503
Apolipoprotein_A 5	154134806	167941359
Apolipoprotein_A 5	170322919	180493297
Apolipoprotein_A 5	36681820	53321956
Apolipoprotein_A 5	50281358	61953289
Apolipoprotein_A 5	67762103	81690042
Apolipoprotein_A 6	106326872	126178587
Apolipoprotein_A 6	117866811	137262201
Apolipoprotein_A 6	131016390	149490586
Apolipoprotein_A 6	151020330	170546586
Apolipoprotein_A 6	22464907	42014304
Apolipoprotein_A 6	25250518	44160834
Apolipoprotein_A 6	33064916	52574833
Apolipoprotein_A 6	33722644	51541398
Apolipoprotein_A 6	35389999	43748350
Apolipoprotein_A 7	120548096	140412906
Apolipoprotein_A 7	126668311	141042316
Apolipoprotein_A 7	140681119	156346087
Apolipoprotein_A 7	16606576	35744958
Apolipoprotein_A 7	28716314	45950446
Apolipoprotein_A 7	30205499	47466721
Apolipoprotein_A 7	44770213	54420123
Apolipoprotein_A 7	763347	5620843
Apolipoprotein_A 7	8546068	26406800
Apolipoprotein_A 7	90092908	103639230
Apolipoprotein_A 7	970035	16392045
Apolipoprotein_A 7	97849648	116199666
Apolipoprotein_A 8	110651323	126521465
Apolipoprotein_A 8	115311235	130080308
Apolipoprotein_A 8	122175826	136017359
Apolipoprotein_A 8	135573096	145826206
Apolipoprotein_A 8	1520095	18944348
Apolipoprotein_A 8	25695828	42237304
Apolipoprotein_A 8	62043400	80551381
Apolipoprotein_A 8	9831909	28328228
Apolipoprotein_A 9	107715223	126924444
Apolipoprotein_A 9	126776123	139936141
Apolipoprotein_A 9	6632104	23553800
Apolipoprotein_A 9	98459899	117232423
