AST_ALT_ratio 10	104770702	122977157
AST_ALT_ratio 10	113975832	129699364
AST_ALT_ratio 10	114024877	132654299
AST_ALT_ratio 10	12170174	25474603
AST_ALT_ratio 10	61412559	80954251
AST_ALT_ratio 10	71284539	88288608
AST_ALT_ratio 10	81077117	97034781
AST_ALT_ratio 10	89790443	104387019
AST_ALT_ratio 10	94200769	107463351
AST_ALT_ratio 10	96957573	112238745
AST_ALT_ratio 11	55749946	74421113
AST_ALT_ratio 11	57193934	64958195
AST_ALT_ratio 11	59597706	78872037
AST_ALT_ratio 11	63688693	80648075
AST_ALT_ratio 11	84409835	100585120
AST_ALT_ratio 11	85695606	97354181
AST_ALT_ratio 11	86841163	95467013
AST_ALT_ratio 12	102716883	121813378
AST_ALT_ratio 12	112618346	132344908
AST_ALT_ratio 12	13128666	27001103
AST_ALT_ratio 12	3125648	21415007
AST_ALT_ratio 12	41815243	59990767
AST_ALT_ratio 12	46482776	62474301
AST_ALT_ratio 12	62459512	81075031
AST_ALT_ratio 13	101124018	114917152
AST_ALT_ratio 13	23733260	41414374
AST_ALT_ratio 13	23878290	34672085
AST_ALT_ratio 13	41262509	60564060
AST_ALT_ratio 13	64198586	82225130
AST_ALT_ratio 13	97965094	114010736
AST_ALT_ratio 14	21925863	31770321
AST_ALT_ratio 14	41597861	54228517
AST_ALT_ratio 14	68822984	75212114
AST_ALT_ratio 14	85790092	104069428
AST_ALT_ratio 15	31057413	47709199
AST_ALT_ratio 15	50989539	68084747
AST_ALT_ratio 15	63989304	83576893
AST_ALT_ratio 15	70017292	87659256
AST_ALT_ratio 15	80667367	100290861
AST_ALT_ratio 15	82404436	94060469
AST_ALT_ratio 16	102184	14088552
AST_ALT_ratio 16	49412693	57320113
AST_ALT_ratio 16	49459035	66772784
AST_ALT_ratio 16	50044969	61048333
AST_ALT_ratio 16	64430542	81924489
AST_ALT_ratio 16	73863182	88687970
AST_ALT_ratio 16	74655848	89847757
AST_ALT_ratio 17	35755546	52006857
AST_ALT_ratio 17	56476781	73952964
AST_ALT_ratio 17	57574596	75363635
AST_ALT_ratio 17	60894079	79257880
AST_ALT_ratio 17	68467805	80994674
AST_ALT_ratio 17	70021303	81011119
AST_ALT_ratio 18	39702718	49517190
AST_ALT_ratio 18	45659732	60795188
AST_ALT_ratio 18	46497507	60077352
AST_ALT_ratio 19	10268974	28537936
AST_ALT_ratio 19	1769712	13332467
AST_ALT_ratio 19	2081313	13130754
AST_ALT_ratio 19	29937758	48236665
AST_ALT_ratio 19	30265235	41969528
AST_ALT_ratio 19	35474269	55372350
AST_ALT_ratio 19	41305793	58168641
AST_ALT_ratio 19	45740735	55908237
AST_ALT_ratio 19	662832	10477067
AST_ALT_ratio 19	8414612	21932574
AST_ALT_ratio 19	977273	17218970
AST_ALT_ratio 1	101595763	120233380
AST_ALT_ratio 1	107496817	120674028
AST_ALT_ratio 1	144606993	154844853
AST_ALT_ratio 1	145667121	162716633
AST_ALT_ratio 1	162582082	176422273
AST_ALT_ratio 1	17349798	35315584
AST_ALT_ratio 1	174141356	190343587
AST_ALT_ratio 1	187179298	205912786
AST_ALT_ratio 1	197305049	213443936
AST_ALT_ratio 1	198454264	209268696
AST_ALT_ratio 1	213142604	229672955
AST_ALT_ratio 1	213434099	229195972
AST_ALT_ratio 1	2619731	20721861
AST_ALT_ratio 1	7040244	25802056
AST_ALT_ratio 1	842362	12094046
AST_ALT_ratio 1	85514841	102498225
AST_ALT_ratio 20	17842318	31508553
AST_ALT_ratio 20	24718431	40520063
AST_ALT_ratio 20	3106598	18983966
AST_ALT_ratio 20	331808	10989562
AST_ALT_ratio 20	37498722	57041507
AST_ALT_ratio 20	52542098	62962869
AST_ALT_ratio 21	21955472	40294455
AST_ALT_ratio 21	30879613	47469177
AST_ALT_ratio 21	32888394	42265679
AST_ALT_ratio 21	36712219	48020961
AST_ALT_ratio 22	17684182	28301484
AST_ALT_ratio 22	24241101	40527858
AST_ALT_ratio 22	27552544	44282503
AST_ALT_ratio 22	28507096	46568318
AST_ALT_ratio 22	35117809	50305701
AST_ALT_ratio 22	36046111	50982986
AST_ALT_ratio 22	41311237	50932644
AST_ALT_ratio 2	104936388	121455752
AST_ALT_ratio 2	161079435	175357908
AST_ALT_ratio 2	161536443	178279625
AST_ALT_ratio 2	193484727	211773723
AST_ALT_ratio 2	217477430	235265564
AST_ALT_ratio 2	224682338	242445040
AST_ALT_ratio 2	26794795	46556927
AST_ALT_ratio 2	34063546	53960693
AST_ALT_ratio 2	39487349	57573880
AST_ALT_ratio 2	52086642	69997669
AST_ALT_ratio 2	78779023	96406017
AST_ALT_ratio 3	117033807	134358109
AST_ALT_ratio 3	126058362	142849380
AST_ALT_ratio 3	134072718	152086533
AST_ALT_ratio 3	141799256	157141678
AST_ALT_ratio 3	151324040	169192616
AST_ALT_ratio 3	167555998	172669042
AST_ALT_ratio 3	29345532	46753976
AST_ALT_ratio 3	3193186	21513978
AST_ALT_ratio 3	48636507	67198205
AST_ALT_ratio 4	137513854	154443121
AST_ALT_ratio 4	18328816	28259523
AST_ALT_ratio 4	597021	7219363
AST_ALT_ratio 4	80095645	96276848
AST_ALT_ratio 4	8340698	27969710
AST_ALT_ratio 5	123238259	142242895
AST_ALT_ratio 5	139747914	158373495
AST_ALT_ratio 5	148593202	159562353
AST_ALT_ratio 5	21699438	39623055
AST_ALT_ratio 5	49927832	64428747
AST_ALT_ratio 5	67113221	81062927
AST_ALT_ratio 5	67271460	75194024
AST_ALT_ratio 6	103352728	116418112
AST_ALT_ratio 6	11491236	30074749
AST_ALT_ratio 6	150829262	167181032
AST_ALT_ratio 6	22641684	42105234
AST_ALT_ratio 6	26189524	43769544
AST_ALT_ratio 6	35933327	52940535
AST_ALT_ratio 6	47427281	63889370
AST_ALT_ratio 6	7189858	22877779
AST_ALT_ratio 6	89883013	109495729
AST_ALT_ratio 7	1003102	16038408
AST_ALT_ratio 7	106721919	124783083
AST_ALT_ratio 7	124856468	139937684
AST_ALT_ratio 7	140407226	158031749
AST_ALT_ratio 7	143098040	157873792
AST_ALT_ratio 7	20367924	37743886
AST_ALT_ratio 7	63415708	78223601
AST_ALT_ratio 7	64640338	80561280
AST_ALT_ratio 7	7289543	26357279
AST_ALT_ratio 7	77308295	92818503
AST_ALT_ratio 8	107308858	120943161
AST_ALT_ratio 8	1117050	19152439
AST_ALT_ratio 8	116612106	135159392
AST_ALT_ratio 8	138201113	146296404
AST_ALT_ratio 8	2856676	13535612
AST_ALT_ratio 8	46858996	64312956
AST_ALT_ratio 8	49547508	69312134
AST_ALT_ratio 8	87340319	105982203
AST_ALT_ratio 8	95751502	108837274
AST_ALT_ratio 9	109890138	125776937
AST_ALT_ratio 9	114961406	131564263
AST_ALT_ratio 9	126780167	140721896
AST_ALT_ratio 9	26644921	35517294
AST_ALT_ratio 9	72832423	88241388
AST_ALT_ratio 9	79305452	96110448
AST_ALT_ratio 9	88135448	100812647
