Creatinine 10	119437857	134908322
Creatinine 10	121378968	134885677
Creatinine 10	200004	5054865
Creatinine 10	20777707	35306419
Creatinine 10	43434757	60191591
Creatinine 10	60514349	79352193
Creatinine 10	67253815	83371495
Creatinine 10	80360724	97954675
Creatinine 10	87301535	104837816
Creatinine 10	94926418	114014260
Creatinine 11	102048333	121108907
Creatinine 11	108352457	122612360
Creatinine 11	115442356	130422771
Creatinine 11	118809329	134482493
Creatinine 11	27094220	38232856
Creatinine 11	302505	12660424
Creatinine 11	303511	10200569
Creatinine 11	305406	12367629
Creatinine 11	307244	10094283
Creatinine 11	43316158	57426428
Creatinine 11	55554097	75463955
Creatinine 11	59159483	77999428
Creatinine 11	68366215	87803012
Creatinine 11	70006887	79446339
Creatinine 11	8091258	23629835
Creatinine 12	111854285	130982921
Creatinine 12	241032	9156541
Creatinine 12	312200	12997634
Creatinine 12	3129444	21501671
Creatinine 12	39299553	56958673
Creatinine 12	42004681	60075230
Creatinine 12	45992154	56960766
Creatinine 12	48169412	67696052
Creatinine 12	56913616	72554312
Creatinine 12	6291425	22026830
Creatinine 12	69623266	87872828
Creatinine 12	76283354	90569784
Creatinine 13	103438132	114947472
Creatinine 13	20754846	36256217
Creatinine 13	40860337	55171020
Creatinine 13	41073426	55152454
Creatinine 13	65896841	79972606
Creatinine 13	66500873	83204165
Creatinine 14	23335593	35853561
Creatinine 14	29349599	47760965
Creatinine 14	45385979	63960202
Creatinine 14	58731295	77929366
Creatinine 14	64520590	83399535
Creatinine 14	80120572	96814795
Creatinine 14	83404640	103218904
Creatinine 14	92496390	105659888
Creatinine 14	93464655	105575272
Creatinine 15	31781988	50178379
Creatinine 15	33310321	48426080
Creatinine 15	36066444	54202315
Creatinine 15	47702127	63889045
Creatinine 15	47986351	64955887
Creatinine 15	53810271	72925142
Creatinine 15	66675619	86200941
Creatinine 15	74055997	93441907
Creatinine 15	86156092	102392682
Creatinine 15	89164874	102033528
Creatinine 15	90633218	102408071
Creatinine 16	12621722	30355421
Creatinine 16	46494446	59481357
Creatinine 16	48047601	63216783
Creatinine 16	59469256	77310496
Creatinine 16	63252611	82632843
Creatinine 16	79701538	90176290
Creatinine 16	94205	12851148
Creatinine 17	11789027	29429555
Creatinine 17	131918	11893703
Creatinine 17	27663848	47296341
Creatinine 17	40480060	58050339
Creatinine 17	45023874	59926645
Creatinine 17	53796344	66656573
Creatinine 17	56454156	76233906
Creatinine 17	70343912	80853554
Creatinine 17	7832034	27293774
Creatinine 18	18909930	33461862
Creatinine 18	32783901	47818264
Creatinine 18	38640705	53666098
Creatinine 18	44315138	61505912
Creatinine 18	52788802	68282007
Creatinine 18	570939	13865391
Creatinine 18	71894434	78007270
Creatinine 19	10128121	23698863
Creatinine 19	11184250	23189655
Creatinine 19	23399661	42841783
Creatinine 19	30261368	48151932
Creatinine 19	35467367	55175596
Creatinine 19	40725563	55695834
Creatinine 19	632494	14194936
Creatinine 19	634095	8393592
Creatinine 19	737697	8285023
Creatinine 1	108346744	120661699
Creatinine 1	108521041	120912073
Creatinine 1	1180438	10857567
Creatinine 1	147055307	160315563
Creatinine 1	147192029	163768927
Creatinine 1	15050524	33446205
Creatinine 1	162166919	177241324
Creatinine 1	1658130	15501860
Creatinine 1	170911565	188692619
Creatinine 1	174950046	193340484
Creatinine 1	175038371	191378945
Creatinine 1	18812176	34649129
Creatinine 1	191419223	210857457
Creatinine 1	197242872	216718488
Creatinine 1	205417766	224432260
Creatinine 1	211393201	230506598
Creatinine 1	234105211	249181149
Creatinine 1	33719199	53600078
Creatinine 1	36006734	55725045
Creatinine 1	46621740	66168571
Creatinine 1	59693003	72844293
Creatinine 1	72819612	86382677
Creatinine 1	76224582	92256928
Creatinine 1	8014568	25829063
Creatinine 1	88558444	99304036
Creatinine 1	9132452	24176806
Creatinine 1	92386880	108387882
Creatinine 1	99995756	119787779
Creatinine 20	24404958	43037422
Creatinine 20	29804073	48630504
Creatinine 20	42738560	62718787
Creatinine 20	48430680	62914899
Creatinine 20	48445456	62880369
Creatinine 20	51817716	62962869
Creatinine 20	548930	10712050
Creatinine 20	55990656	62918893
Creatinine 20	56557077	62934924
Creatinine 21	16300380	23266183
Creatinine 21	29489949	44261530
Creatinine 21	30532986	47755511
Creatinine 21	38077544	47004875
Creatinine 22	17606328	27993282
Creatinine 22	20793941	39716271
Creatinine 22	27985473	46408912
Creatinine 22	29613441	46518278
Creatinine 22	30878646	50874893
Creatinine 22	41628132	51062832
Creatinine 2	105543209	121006610
Creatinine 2	111787267	129004293
Creatinine 2	111797611	129713611
Creatinine 2	112268440	130568556
Creatinine 2	128585619	145623159
Creatinine 2	142515458	153591994
Creatinine 2	142578483	161870137
Creatinine 2	152208174	168546088
Creatinine 2	160735590	179359221
Creatinine 2	168217722	188106736
Creatinine 2	168536374	183437373
Creatinine 2	174198947	192240539
Creatinine 2	185375371	196969324
Creatinine 2	18677655	36828400
Creatinine 2	202981889	220445303
Creatinine 2	208252781	227426161
Creatinine 2	213028042	227747020
Creatinine 2	219226482	235552537
Creatinine 2	222066293	239918037
Creatinine 2	225044061	242442728
Creatinine 2	23368	10138875
Creatinine 2	33457196	52997010
Creatinine 2	45730355	64856917
Creatinine 2	5661755	21217490
Creatinine 2	5930862	25411501
Creatinine 2	64181216	79671906
Creatinine 2	9001909	28483692
Creatinine 2	96393944	108557172
Creatinine 3	10484177	27552361
Creatinine 3	111717681	129810333
Creatinine 3	122128519	134307747
Creatinine 3	124065433	134061912
Creatinine 3	124331600	141573587
Creatinine 3	128056851	145327614
Creatinine 3	132126527	149883757
Creatinine 3	15634086	33970478
Creatinine 3	160375120	176864354
Creatinine 3	176526705	194925181
Creatinine 3	176730199	195723827
Creatinine 3	183997444	197267826
Creatinine 3	186227960	197065901
Creatinine 3	30745941	48459828
Creatinine 3	39500144	58517783
Creatinine 3	55970966	73111053
Creatinine 3	60233567	77596685
Creatinine 3	6213117	20372459
Creatinine 3	97854612	113884676
Creatinine 4	100362169	119482076
Creatinine 4	118875829	134332600
Creatinine 4	134790504	150292545
Creatinine 4	15351759	30888488
Creatinine 4	15356164	31179428
Creatinine 4	30769901	49317620
Creatinine 4	37175174	49324633
Creatinine 4	68119471	86801147
Creatinine 4	79493843	90223611
Creatinine 4	95447392	113720504
Creatinine 4	971266	5784934
Creatinine 4	993388	20091987
Creatinine 5	117680305	133847650
Creatinine 5	123418227	141741847
Creatinine 5	138911257	157029255
Creatinine 5	169599576	178078072
Creatinine 5	26493371	44295719
Creatinine 5	32060695	45351885
Creatinine 5	43496615	61948803
Creatinine 5	58854206	77815254
Creatinine 5	72540027	82758946
Creatinine 5	81019923	97987951
Creatinine 5	94397	9590478
Creatinine 6	11976474	30302084
Creatinine 6	121786091	140152588
Creatinine 6	122288671	140149883
Creatinine 6	125390684	140393124
Creatinine 6	147138199	161467015
Creatinine 6	150685459	169555989
Creatinine 6	15341191	33619955
Creatinine 6	16726046	35670607
Creatinine 6	23905567	41159153
Creatinine 6	26189421	43364494
Creatinine 6	31687008	51678603
Creatinine 6	33611642	46805528
Creatinine 6	34038540	52879695
Creatinine 6	42824756	57121535
Creatinine 6	46653511	63883019
Creatinine 6	537221	16466928
Creatinine 6	83696048	91975342
Creatinine 6	99818220	118935416
Creatinine 7	100375239	106809884
Creatinine 7	105224790	116259050
Creatinine 7	123403974	135429292
Creatinine 7	126675027	139099817
Creatinine 7	143192314	158964216
Creatinine 7	149452214	158986687
Creatinine 7	150575969	158971707
Creatinine 7	17525084	33758537
Creatinine 7	20557023	31022266
Creatinine 7	23473366	41507579
Creatinine 7	33824673	46496598
Creatinine 7	37982384	56186249
Creatinine 7	40947579	56073078
Creatinine 7	50304082	66111553
Creatinine 7	516621	10796659
Creatinine 7	70049910	81573612
Creatinine 7	8179782	27245023
Creatinine 7	92987189	108395791
Creatinine 8	100921068	119151423
Creatinine 8	117441870	135794327
Creatinine 8	120966041	135665398
Creatinine 8	12866585	32465624
Creatinine 8	13214768	30810349
Creatinine 8	134327998	139427501
Creatinine 8	135497576	146095506
Creatinine 8	16027131	33265505
Creatinine 8	23268279	42334511
Creatinine 8	2547339	17450996
Creatinine 8	56816494	72649827
Creatinine 8	66734658	82533425
Creatinine 8	77760070	95966038
Creatinine 9	101570336	116828773
Creatinine 9	103091805	117064772
Creatinine 9	109595771	128149249
Creatinine 9	123349511	140597179
Creatinine 9	127820380	140742722
Creatinine 9	129420686	140673699
Creatinine 9	1561582	14019912
Creatinine 9	1672267	16353278
Creatinine 9	25606698	38221069
Creatinine 9	68442409	80720698
Creatinine 9	82350067	102164076
Creatinine X	100013009	118701165
Creatinine X	109211889	121578394
Creatinine X	116818142	133868102
Creatinine X	129404582	138188114
Creatinine X	13062223	24667348
Creatinine X	145762337	153346427
Creatinine X	3091397	17304602
Creatinine X	40790309	56992083
Creatinine X	56317424	70105428
Creatinine X	70032059	89642155
Creatinine X	8875831	25555209
Creatinine X	99847699	115048447
