Cystatin_C 10	122610787	134217955
Cystatin_C 10	15518202	31295879
Cystatin_C 10	20900958	36470612
Cystatin_C 10	43788778	62496212
Cystatin_C 10	60245684	74218564
Cystatin_C 10	68909583	83522580
Cystatin_C 10	72152610	90420514
Cystatin_C 10	76352	8665147
Cystatin_C 10	88637677	104794073
Cystatin_C 11	101619255	121106570
Cystatin_C 11	113425984	130051547
Cystatin_C 11	18452863	35184552
Cystatin_C 11	22692111	37353170
Cystatin_C 11	25109045	36475722
Cystatin_C 11	384124	12072400
Cystatin_C 11	43480498	57404779
Cystatin_C 11	51566082	70290666
Cystatin_C 11	55500368	72952496
Cystatin_C 11	60159390	78135704
Cystatin_C 11	771716	11632662
Cystatin_C 11	8055436	18696718
Cystatin_C 12	102321935	121767488
Cystatin_C 12	105758292	118300558
Cystatin_C 12	114133296	131392111
Cystatin_C 12	114363531	133124753
Cystatin_C 12	12126036	31337196
Cystatin_C 12	32963212	48212719
Cystatin_C 12	40340097	54945443
Cystatin_C 12	4206135	18986883
Cystatin_C 12	47781092	66024359
Cystatin_C 12	48160770	56866962
Cystatin_C 12	6484709	23906232
Cystatin_C 12	70013964	82412198
Cystatin_C 12	74978269	93993266
Cystatin_C 13	21122508	36211735
Cystatin_C 13	40653890	58619559
Cystatin_C 13	64010620	81008123
Cystatin_C 13	86477250	100162063
Cystatin_C 14	23574968	40096644
Cystatin_C 14	29015187	43354786
Cystatin_C 14	63865769	81813744
Cystatin_C 14	83580555	103376828
Cystatin_C 14	91227516	105612885
Cystatin_C 15	26101625	41025876
Cystatin_C 15	31669511	49253961
Cystatin_C 15	31683369	49976038
Cystatin_C 15	44016990	63908328
Cystatin_C 15	47886974	67330677
Cystatin_C 15	55829159	73326850
Cystatin_C 15	62901152	81240449
Cystatin_C 15	66987827	85798915
Cystatin_C 15	89941549	101125082
Cystatin_C 16	10834337	30337208
Cystatin_C 16	20965544	30432274
Cystatin_C 16	49910615	58684225
Cystatin_C 16	50915133	58668652
Cystatin_C 16	51163406	61599199
Cystatin_C 16	609130	12851148
Cystatin_C 16	61756923	79731805
Cystatin_C 16	70115987	89751368
Cystatin_C 16	79829127	90174092
Cystatin_C 17	1094119	16897215
Cystatin_C 17	11041343	27884779
Cystatin_C 17	26610252	46077967
Cystatin_C 17	30253128	46476403
Cystatin_C 17	36939423	55475473
Cystatin_C 17	48490945	66778075
Cystatin_C 18	14684189	33940734
Cystatin_C 18	32891360	52365177
Cystatin_C 18	43230766	61124999
Cystatin_C 18	47937977	66668729
Cystatin_C 18	73090732	77250090
Cystatin_C 19	12382813	29369363
Cystatin_C 19	29355114	47633623
Cystatin_C 19	29384458	43057361
Cystatin_C 19	30245582	40956878
Cystatin_C 19	35610559	54783035
Cystatin_C 19	39259574	57933003
Cystatin_C 19	4947426	23721964
Cystatin_C 19	724622	11348521
Cystatin_C 19	778483	19396616
Cystatin_C 1	100547054	120428796
Cystatin_C 1	110114611	120905164
Cystatin_C 1	113705169	120685773
Cystatin_C 1	149783063	159890963
Cystatin_C 1	152407440	164650223
Cystatin_C 1	15265404	34142626
Cystatin_C 1	153719002	165920762
Cystatin_C 1	156074845	169078572
Cystatin_C 1	157898559	171570274
Cystatin_C 1	163535185	180897569
Cystatin_C 1	175060682	193415522
Cystatin_C 1	189839840	207251518
Cystatin_C 1	1985170	21040151
Cystatin_C 1	2049781	21623270
Cystatin_C 1	209055681	227340673
Cystatin_C 1	222675667	240655582
Cystatin_C 1	233485093	249191706
Cystatin_C 1	36277810	56179704
Cystatin_C 1	41832861	59486604
Cystatin_C 1	44475123	59446970
Cystatin_C 1	50876430	61896327
Cystatin_C 1	54206626	71651728
Cystatin_C 1	57552448	72958905
Cystatin_C 1	6091437	25259884
Cystatin_C 1	69854522	85328023
Cystatin_C 1	81238189	92842367
Cystatin_C 1	81773756	98664991
Cystatin_C 1	91579965	109784938
Cystatin_C 1	92753336	106997188
Cystatin_C 1	98152065	115619644
Cystatin_C 20	13038723	26316361
Cystatin_C 20	14526164	33399037
Cystatin_C 20	16446412	35486796
Cystatin_C 20	30864873	49064538
Cystatin_C 20	42740037	62718787
Cystatin_C 20	48249974	62914899
Cystatin_C 20	52476025	62962869
Cystatin_C 20	796432	11054738
Cystatin_C 21	15962363	26378965
Cystatin_C 21	26215045	44342677
Cystatin_C 21	28515912	47829251
Cystatin_C 21	28932087	48047505
Cystatin_C 22	17617253	31842090
Cystatin_C 22	29367892	46540236
Cystatin_C 22	36564170	51062832
Cystatin_C 2	102860255	112027535
Cystatin_C 2	106108065	123430334
Cystatin_C 2	111600519	129771522
Cystatin_C 2	111629125	127895655
Cystatin_C 2	113010568	128645693
Cystatin_C 2	145258645	157487273
Cystatin_C 2	152235005	164463486
Cystatin_C 2	156995930	172490240
Cystatin_C 2	166836704	179664050
Cystatin_C 2	169290501	185606420
Cystatin_C 2	176772045	192942503
Cystatin_C 2	188677235	208081126
Cystatin_C 2	193811641	213399007
Cystatin_C 2	19956	10212293
Cystatin_C 2	20082172	37047901
Cystatin_C 2	203643310	222058767
Cystatin_C 2	205796321	219615878
Cystatin_C 2	208081780	227405634
Cystatin_C 2	212290048	228592360
Cystatin_C 2	223872815	242725272
Cystatin_C 2	37050086	50691461
Cystatin_C 2	37059462	55275328
Cystatin_C 2	46067440	64838358
Cystatin_C 2	57945397	76637075
Cystatin_C 2	6523224	25595204
Cystatin_C 2	65525787	80617536
Cystatin_C 2	86742320	105948481
Cystatin_C 2	9243530	28446850
Cystatin_C 2	98455775	111602127
Cystatin_C 3	113706420	131626048
Cystatin_C 3	114415926	131630827
Cystatin_C 3	126799624	141991968
Cystatin_C 3	132184526	150697733
Cystatin_C 3	150692298	159656090
Cystatin_C 3	15647528	33901658
Cystatin_C 3	166050501	178951205
Cystatin_C 3	173632871	190670044
Cystatin_C 3	173632871	190670044
Cystatin_C 3	176696752	196231308
Cystatin_C 3	185272462	196325616
Cystatin_C 3	36956349	54173568
Cystatin_C 3	40478765	59019185
Cystatin_C 3	4577191	20372459
Cystatin_C 3	60584598	78374047
Cystatin_C 4	110836048	129741022
Cystatin_C 4	118956594	137421219
Cystatin_C 4	134217649	153055192
Cystatin_C 4	142239647	160294833
Cystatin_C 4	149374000	163462340
Cystatin_C 4	16864538	31008560
Cystatin_C 4	52887837	59434282
Cystatin_C 4	72018650	86928929
Cystatin_C 4	77994397	90230495
Cystatin_C 4	89808058	109473713
Cystatin_C 4	95004346	113559977
Cystatin_C 5	103738518	115350534
Cystatin_C 5	167277952	180495496
Cystatin_C 5	27036431	44392142
Cystatin_C 5	30296991	45078323
Cystatin_C 5	44150391	62963544
Cystatin_C 5	59804047	76843526
Cystatin_C 5	66531177	82857040
Cystatin_C 5	82251308	90757168
Cystatin_C 5	87437079	104171110
Cystatin_C 5	99784	9615706
Cystatin_C 6	10516159	27198478
Cystatin_C 6	106940846	126383476
Cystatin_C 6	133894785	152913311
Cystatin_C 6	144985607	164039077
Cystatin_C 6	15415686	32987119
Cystatin_C 6	1603402	16560141
Cystatin_C 6	1613686	11257537
Cystatin_C 6	21489917	40253684
Cystatin_C 6	25815213	44100460
Cystatin_C 6	33842628	53789830
Cystatin_C 6	35517253	53646837
Cystatin_C 6	41652514	56664374
Cystatin_C 6	46312785	56790032
Cystatin_C 6	73221572	90492817
Cystatin_C 6	81157166	97927427
Cystatin_C 6	97879805	116891310
Cystatin_C 7	117460850	137045215
Cystatin_C 7	123837154	138503617
Cystatin_C 7	130697564	148309648
Cystatin_C 7	147065105	158676548
Cystatin_C 7	148763177	158964216
Cystatin_C 7	150575969	158971707
Cystatin_C 7	152640	10838946
Cystatin_C 7	15807731	32504295
Cystatin_C 7	16646902	33552840
Cystatin_C 7	38422898	56652153
Cystatin_C 7	41334517	57384271
Cystatin_C 7	63904302	82060168
Cystatin_C 7	68451603	86633483
Cystatin_C 7	8005174	27182142
Cystatin_C 7	91358122	105949510
Cystatin_C 7	97718650	115950463
Cystatin_C 8	112878685	129672761
Cystatin_C 8	121750767	135590510
Cystatin_C 8	124741779	143541041
Cystatin_C 8	13396623	32463847
Cystatin_C 8	14171413	33183080
Cystatin_C 8	17935425	35308559
Cystatin_C 8	3329003	14391844
Cystatin_C 8	57338135	76668430
Cystatin_C 8	62946840	81364118
Cystatin_C 9	102811758	120550373
Cystatin_C 9	109623074	128496337
Cystatin_C 9	129519824	140407928
Cystatin_C 9	130606780	140656713
Cystatin_C 9	4282450	20624047
Cystatin_C 9	6418000	23356935
Cystatin_C 9	68184246	81188582
Cystatin_C 9	82369708	101751305
Cystatin_C 9	90962667	106907819
