Direct_bilirubin 10	1467121	13331621
Direct_bilirubin 10	60690078	74457108
Direct_bilirubin 10	61859520	80580142
Direct_bilirubin 10	88068668	104119535
Direct_bilirubin 10	89920244	103049708
Direct_bilirubin 10	96131661	106213519
Direct_bilirubin 11	1009589	18645017
Direct_bilirubin 11	258023	11945092
Direct_bilirubin 11	3878434	16304261
Direct_bilirubin 11	70119362	80961171
Direct_bilirubin 12	102094940	121601021
Direct_bilirubin 12	11358136	29859826
Direct_bilirubin 12	119993163	124878993
Direct_bilirubin 12	14406263	32233586
Direct_bilirubin 15	51061883	70582418
Direct_bilirubin 15	51653119	68434212
Direct_bilirubin 15	55059345	70160917
Direct_bilirubin 15	63983860	78569126
Direct_bilirubin 16	79288709	89682023
Direct_bilirubin 17	40085665	57984901
Direct_bilirubin 17	48712087	67198091
Direct_bilirubin 17	64884871	79480296
Direct_bilirubin 17	66191442	79692858
Direct_bilirubin 19	10126641	21035281
Direct_bilirubin 19	10401674	28270736
Direct_bilirubin 19	32045352	49830588
Direct_bilirubin 19	3333336	13909685
Direct_bilirubin 19	37433673	54650940
Direct_bilirubin 1	149905279	162275177
Direct_bilirubin 1	18302321	35268635
Direct_bilirubin 1	197012111	211819021
Direct_bilirubin 20	31308397	48973011
Direct_bilirubin 20	34019579	52566271
Direct_bilirubin 22	28065259	47299916
Direct_bilirubin 2	12768114	30875745
Direct_bilirubin 2	227481812	240644085
Direct_bilirubin 2	230158108	241602764
Direct_bilirubin 2	23608959	33278875
Direct_bilirubin 2	38044662	47049409
Direct_bilirubin 3	10346995	22280912
Direct_bilirubin 3	128228651	145054777
Direct_bilirubin 4	116502859	131605202
Direct_bilirubin 4	136279879	154793016
Direct_bilirubin 4	61374027	74530408
Direct_bilirubin 4	82506060	95841940
Direct_bilirubin 4	94881155	103292422
Direct_bilirubin 6	151803374	168108517
Direct_bilirubin 6	16203306	35404437
Direct_bilirubin 7	18307201	37318809
Direct_bilirubin 7	8725068	26216793
Direct_bilirubin 8	116659776	134922066
Direct_bilirubin 8	124767441	140886603
Direct_bilirubin 8	32842924	51004938
Direct_bilirubin 9	131888116	139415262
Direct_bilirubin 9	83728975	99202640
Direct_bilirubin 9	86727155	101786386
Direct_bilirubin X	4289156	17256735
