eGFR 10	119437857	134908322
eGFR 10	121378968	133805042
eGFR 10	200004	5054865
eGFR 10	43434757	60191591
eGFR 10	60514349	79353106
eGFR 10	68275103	82326317
eGFR 10	80360724	97954675
eGFR 10	88153763	104837816
eGFR 10	94926418	114014260
eGFR 11	102036375	121106570
eGFR 11	116557882	130422771
eGFR 11	118809329	134482493
eGFR 11	27103965	38232856
eGFR 11	302505	14763828
eGFR 11	305406	12367629
eGFR 11	308178	10200569
eGFR 11	43316158	57426428
eGFR 11	55554097	75463955
eGFR 11	59159483	77999428
eGFR 11	68366215	88060883
eGFR 11	70006887	75553487
eGFR 11	8011028	23629835
eGFR 12	111911086	130982921
eGFR 12	21810646	41219614
eGFR 12	241032	9156541
eGFR 12	312200	12997634
eGFR 12	3129444	21501671
eGFR 12	41035349	56958673
eGFR 12	42004681	60075230
eGFR 12	45677285	56960766
eGFR 12	47941423	67697856
eGFR 12	5681947	22026830
eGFR 12	56913616	72554312
eGFR 12	69623266	87872828
eGFR 12	76267481	90420258
eGFR 13	103438132	114947472
eGFR 13	20754846	36256217
eGFR 13	40860337	55171020
eGFR 13	41073426	55152454
eGFR 13	65896841	76198861
eGFR 13	66500873	83204165
eGFR 14	23335593	35844578
eGFR 14	31349968	47644894
eGFR 14	45385979	63960202
eGFR 14	58731295	77929366
eGFR 14	64520590	83399535
eGFR 14	79997824	96933668
eGFR 14	83409894	103236959
eGFR 14	92496390	105629943
eGFR 14	93438821	105575272
eGFR 15	31781988	50178379
eGFR 15	33310321	48426080
eGFR 15	36066444	54202315
eGFR 15	47702127	63889325
eGFR 15	47984046	64955887
eGFR 15	53810271	72902187
eGFR 15	67336207	86200941
eGFR 15	74019836	93441907
eGFR 15	86026969	102392682
eGFR 15	90214643	102408071
eGFR 15	90695269	102033528
eGFR 16	12621722	30355421
eGFR 16	46494446	59481357
eGFR 16	48047601	63216783
eGFR 16	59469256	75796335
eGFR 16	63258044	82632843
eGFR 16	79701538	90176290
eGFR 16	94205	12839893
eGFR 17	131918	11893703
eGFR 17	27663848	47296341
eGFR 17	40480060	57972679
eGFR 17	45023874	59926645
eGFR 17	53310309	66656573
eGFR 17	56525494	76233906
eGFR 17	70347821	80874290
eGFR 17	8036060	27225586
eGFR 17	9449704	29413614
eGFR 18	18909930	33461862
eGFR 18	32783901	47818264
eGFR 18	44332696	63074462
eGFR 18	52788802	68282007
eGFR 18	5573994	13858278
eGFR 18	70011172	78007270
eGFR 19	10115515	18827774
eGFR 19	11168896	23703812
eGFR 19	23485488	42841783
eGFR 19	33506250	47664439
eGFR 19	35467367	55175596
eGFR 19	39345619	55695834
eGFR 19	4351572	18839681
eGFR 19	632494	13082116
eGFR 19	719295	11043530
eGFR 1	108346744	120661699
eGFR 1	1180438	10857567
eGFR 1	147010018	157345331
eGFR 1	147243753	163768927
eGFR 1	15050524	33446205
eGFR 1	162166919	179974012
eGFR 1	1658130	15501860
eGFR 1	170917801	188692619
eGFR 1	175038371	191378945
eGFR 1	175090414	193340484
eGFR 1	18812176	34649129
eGFR 1	191213826	210857457
eGFR 1	197242872	216719627
eGFR 1	205417766	224358144
eGFR 1	211393201	230506598
eGFR 1	235270683	249181149
eGFR 1	33810327	53600078
eGFR 1	37403014	55725045
eGFR 1	46621740	66168571
eGFR 1	59693003	72844293
eGFR 1	72819612	86046600
eGFR 1	77819743	92256928
eGFR 1	8014568	25829063
eGFR 1	88558444	99304036
eGFR 1	91147981	107890365
eGFR 1	9132452	24176806
eGFR 1	99995756	119787779
eGFR 20	24404958	43037422
eGFR 20	29804073	48631321
eGFR 20	42738560	62718787
eGFR 20	48430680	57477812
eGFR 20	48575454	62902155
eGFR 20	51837065	62962869
eGFR 20	54547203	62934924
eGFR 20	55737761	62918893
eGFR 20	783787	10698494
eGFR 21	16300380	23270321
eGFR 21	30473021	47756797
eGFR 21	30600189	44151433
eGFR 21	38077544	46996698
eGFR 22	17606328	27993282
eGFR 22	20793941	36131201
eGFR 22	27989329	46400476
eGFR 22	29640901	46568318
eGFR 22	30878646	50874893
eGFR 22	45396440	51053520
eGFR 2	105543209	121006610
eGFR 2	111797611	129713611
eGFR 2	112268440	128773373
eGFR 2	128585619	145573982
eGFR 2	142515458	155300526
eGFR 2	142578483	161660019
eGFR 2	152208174	168546088
eGFR 2	160863438	179359221
eGFR 2	168536374	183437156
eGFR 2	169834370	188106736
eGFR 2	174198947	192240539
eGFR 2	181464162	198148191
eGFR 2	18677655	34810001
eGFR 2	202981889	220445303
eGFR 2	208252781	227426161
eGFR 2	213028042	228589195
eGFR 2	222034085	237057110
eGFR 2	222066293	240210094
eGFR 2	226358677	242442728
eGFR 2	23368	10138875
eGFR 2	33457196	52997010
eGFR 2	45739580	64856917
eGFR 2	5661755	21217490
eGFR 2	64181216	80368786
eGFR 2	7009933	25411501
eGFR 2	9001909	28483692
eGFR 2	96393944	108566726
eGFR 3	10484177	27552361
eGFR 3	115692832	129810333
eGFR 3	118686299	134061912
eGFR 3	122128519	134404942
eGFR 3	124331600	141573587
eGFR 3	128056851	145327614
eGFR 3	132126527	149883757
eGFR 3	15634086	33970478
eGFR 3	160375120	176864354
eGFR 3	176729664	195726986
eGFR 3	176812792	194876277
eGFR 3	186191665	195770513
eGFR 3	186998938	197534841
eGFR 3	187595470	193847627
eGFR 3	30745941	48459828
eGFR 3	3256890	20906047
eGFR 3	39500144	58517783
eGFR 3	55970966	73111053
eGFR 3	60233567	78160009
eGFR 4	100362169	119482076
eGFR 4	119016217	134332600
eGFR 4	134790504	150280167
eGFR 4	15351759	30888488
eGFR 4	15352021	32955288
eGFR 4	30769901	47513265
eGFR 4	37152099	49264846
eGFR 4	68119471	86775123
eGFR 4	79493843	90223611
eGFR 4	85920973	101562857
eGFR 4	96119796	109779595
eGFR 4	96126156	115519556
eGFR 4	971266	5811797
eGFR 4	993388	20091987
eGFR 5	117680305	134993486
eGFR 5	123418227	141741666
eGFR 5	138911257	157029255
eGFR 5	169599576	178078072
eGFR 5	172256	9590478
eGFR 5	26493371	44295719
eGFR 5	32060695	45351208
eGFR 5	43496615	60549110
eGFR 5	62614883	77815254
eGFR 5	72540027	82758946
eGFR 5	81019923	97987951
eGFR 6	11976459	24213527
eGFR 6	122288671	140149883
eGFR 6	125390684	143122328
eGFR 6	125397212	140186908
eGFR 6	146678953	161467015
eGFR 6	150685459	169553562
eGFR 6	16633228	35332501
eGFR 6	22312460	41159153
eGFR 6	29413976	43199882
eGFR 6	31687008	51678603
eGFR 6	33692368	46805528
eGFR 6	34038540	52739537
eGFR 6	42841613	57121535
eGFR 6	46596286	63883019
eGFR 6	537221	16743834
eGFR 6	81929222	100114983
eGFR 6	99818220	118935416
eGFR 7	100375239	115473558
eGFR 7	105224790	116259050
eGFR 7	123295964	135450898
eGFR 7	126675027	139099817
eGFR 7	131056524	148625460
eGFR 7	141865701	158964216
eGFR 7	148617434	158986687
eGFR 7	150575969	158971707
eGFR 7	17525084	33758537
eGFR 7	20557023	29712264
eGFR 7	23473366	41507579
eGFR 7	33824673	46496598
eGFR 7	38606044	56186249
eGFR 7	40947579	56435978
eGFR 7	50304082	66111457
eGFR 7	516621	10796659
eGFR 7	70049910	84706749
eGFR 7	8191111	27245023
eGFR 7	94194115	108395791
eGFR 8	100921068	119151423
eGFR 8	117441870	135794327
eGFR 8	120966041	135665398
eGFR 8	12914466	32465624
eGFR 8	13214768	30810349
eGFR 8	134327998	139427501
eGFR 8	135497576	146095506
eGFR 8	16027131	33265505
eGFR 8	23268279	42334511
eGFR 8	2571091	17439560
eGFR 8	56819335	76727935
eGFR 8	69043085	80521358
eGFR 8	77760070	95929044
eGFR 9	101570336	116833653
eGFR 9	103091805	116380850
eGFR 9	110396777	128143928
eGFR 9	121373864	140597179
eGFR 9	127832676	140742722
eGFR 9	129420686	140673699
eGFR 9	1533937	16252807
eGFR 9	25618847	37720518
eGFR 9	3701667	14019743
eGFR 9	68442409	80720698
eGFR 9	82350067	102164076
eGFR X	100099808	117408337
eGFR X	109461196	120664941
eGFR X	11171063	25231753
eGFR X	116818142	133868102
eGFR X	129404582	138187934
eGFR X	145762337	153492764
eGFR X	3091397	17304602
eGFR X	40722668	56992083
eGFR X	56317424	72401469
eGFR X	70032059	89642155
eGFR X	8875831	25555209
eGFR X	93620771	110458762
eGFR X	99847699	115048447
