HDL_cholesterol 10	106123814	125257608
HDL_cholesterol 10	25220499	42435361
HDL_cholesterol 10	36392395	55191115
HDL_cholesterol 10	55519541	74719962
HDL_cholesterol 10	71874526	90570267
HDL_cholesterol 10	8447786	27237768
HDL_cholesterol 10	85376859	104420754
HDL_cholesterol 10	90927588	105501447
HDL_cholesterol 10	99712134	108856831
HDL_cholesterol 11	106775493	126613258
HDL_cholesterol 11	110059021	127137452
HDL_cholesterol 11	116166639	131449365
HDL_cholesterol 11	116313516	134600907
HDL_cholesterol 11	17829760	36328427
HDL_cholesterol 11	375804	11039390
HDL_cholesterol 11	40780477	57304622
HDL_cholesterol 11	424291	19797631
HDL_cholesterol 11	51593808	70495463
HDL_cholesterol 11	55258512	73311723
HDL_cholesterol 11	59772341	78637734
HDL_cholesterol 11	65473798	85426647
HDL_cholesterol 11	7984411	23865601
HDL_cholesterol 11	87060706	104917645
HDL_cholesterol 12	101102543	119059299
HDL_cholesterol 12	103456474	121121871
HDL_cholesterol 12	10486600	29298094
HDL_cholesterol 12	115894190	133513209
HDL_cholesterol 12	116142560	133155563
HDL_cholesterol 12	118072395	130978213
HDL_cholesterol 12	1391407	14422475
HDL_cholesterol 12	294544	16468684
HDL_cholesterol 12	47582601	57491672
HDL_cholesterol 12	49918886	67812464
HDL_cholesterol 12	97277828	116884789
HDL_cholesterol 13	107337697	115093704
HDL_cholesterol 13	99123029	115066664
HDL_cholesterol 14	69138371	81741802
HDL_cholesterol 14	72488357	91229632
HDL_cholesterol 14	93820274	105055118
HDL_cholesterol 14	97189483	105443997
HDL_cholesterol 15	31637569	39667219
HDL_cholesterol 15	33160260	51652101
HDL_cholesterol 15	34120339	53513345
HDL_cholesterol 15	55294937	73322940
HDL_cholesterol 15	66730357	83817323
HDL_cholesterol 16	23700676	31378235
HDL_cholesterol 16	49959473	66971780
HDL_cholesterol 16	53164461	62964309
HDL_cholesterol 16	57984510	77961659
HDL_cholesterol 16	63054224	81775225
HDL_cholesterol 16	6514039	23909538
HDL_cholesterol 16	71600389	89897444
HDL_cholesterol 16	78813225	90149168
HDL_cholesterol 16	949766	13467705
HDL_cholesterol 17	16775187	36067309
HDL_cholesterol 17	27912415	47047596
HDL_cholesterol 17	291564	17344979
HDL_cholesterol 17	32755432	51475479
HDL_cholesterol 17	57039116	76789754
HDL_cholesterol 17	66407929	80589784
HDL_cholesterol 17	8120804	26679563
HDL_cholesterol 18	11903532	30062089
HDL_cholesterol 18	38001802	56135592
HDL_cholesterol 18	48210623	65947473
HDL_cholesterol 19	1038871	15593288
HDL_cholesterol 19	2304048	20047327
HDL_cholesterol 19	30347069	42653386
HDL_cholesterol 19	35472417	54817431
HDL_cholesterol 19	36811664	55981592
HDL_cholesterol 19	44013864	58150723
HDL_cholesterol 19	45402389	58156490
HDL_cholesterol 19	593853	18522061
HDL_cholesterol 19	672169	12717904
HDL_cholesterol 1	101707568	117003746
HDL_cholesterol 1	102670883	118822559
HDL_cholesterol 1	14410054	33230904
HDL_cholesterol 1	145561116	159369042
HDL_cholesterol 1	171415327	186339296
HDL_cholesterol 1	172390651	191434186
HDL_cholesterol 1	17731720	33338691
HDL_cholesterol 1	211377218	230638118
HDL_cholesterol 1	220296277	238388166
HDL_cholesterol 1	225051515	243568320
HDL_cholesterol 1	30105490	47657829
HDL_cholesterol 1	54776596	72940273
HDL_cholesterol 1	56703505	72949290
HDL_cholesterol 1	852664	9349150
HDL_cholesterol 1	85683583	98666383
HDL_cholesterol 20	12481783	30611942
HDL_cholesterol 20	26232799	41473275
HDL_cholesterol 20	33044450	52476420
HDL_cholesterol 20	34732372	52497783
HDL_cholesterol 20	37666122	56146503
HDL_cholesterol 20	57700766	62767303
HDL_cholesterol 20	8609592	24942957
HDL_cholesterol 21	16276015	23319301
HDL_cholesterol 21	36368930	48020961
HDL_cholesterol 21	37050979	47989396
HDL_cholesterol 22	18050386	31884405
HDL_cholesterol 22	26326313	37470085
HDL_cholesterol 22	28661884	46759639
HDL_cholesterol 2	121189991	138000226
HDL_cholesterol 2	12297974	30506676
HDL_cholesterol 2	12311949	30059846
HDL_cholesterol 2	128421829	145315492
HDL_cholesterol 2	133965	9884205
HDL_cholesterol 2	156500331	175501711
HDL_cholesterol 2	193864485	212244718
HDL_cholesterol 2	201597463	220381063
HDL_cholesterol 2	212264560	228973723
HDL_cholesterol 2	217442071	236436519
HDL_cholesterol 2	232535625	242572262
HDL_cholesterol 2	30762	12667629
HDL_cholesterol 2	39101149	58961136
HDL_cholesterol 2	55287835	72265247
HDL_cholesterol 3	114484372	128972947
HDL_cholesterol 3	121475380	132680765
HDL_cholesterol 3	123064089	141345982
HDL_cholesterol 3	124394384	141722754
HDL_cholesterol 3	126975463	145618127
HDL_cholesterol 3	140790372	160052216
HDL_cholesterol 3	145658674	162076259
HDL_cholesterol 3	146810813	166066525
HDL_cholesterol 3	177164796	195704198
HDL_cholesterol 3	3572391	20395436
HDL_cholesterol 3	41866017	57690342
HDL_cholesterol 3	6098346	25725070
HDL_cholesterol 4	16610295	35890091
HDL_cholesterol 4	30280023	49110626
HDL_cholesterol 4	46756103	65082027
HDL_cholesterol 4	60865588	77419107
HDL_cholesterol 4	704602	9534814
HDL_cholesterol 4	80609966	96168719
HDL_cholesterol 4	80677313	99665551
HDL_cholesterol 4	90628127	107294864
HDL_cholesterol 4	95256649	113102482
HDL_cholesterol 5	111142434	127606403
HDL_cholesterol 5	121070370	137037693
HDL_cholesterol 5	143539270	154981320
HDL_cholesterol 5	148095473	167941359
HDL_cholesterol 5	170309225	180437583
HDL_cholesterol 5	43318385	62991802
HDL_cholesterol 5	50288550	63996558
HDL_cholesterol 5	67598184	81689066
HDL_cholesterol 6	100747564	119376031
HDL_cholesterol 6	117592487	137262201
HDL_cholesterol 6	130323483	149490586
HDL_cholesterol 6	144304358	163222424
HDL_cholesterol 6	151048740	170431814
HDL_cholesterol 6	154245497	167455139
HDL_cholesterol 6	22464907	39102619
HDL_cholesterol 6	24926344	44631345
HDL_cholesterol 6	32593316	51531905
HDL_cholesterol 6	33759471	50938670
HDL_cholesterol 7	125608401	140426257
HDL_cholesterol 7	140662026	156346087
HDL_cholesterol 7	16691511	36297381
HDL_cholesterol 7	28173522	45952676
HDL_cholesterol 7	28748858	47119985
HDL_cholesterol 7	301048	10353214
HDL_cholesterol 7	40847832	55182730
HDL_cholesterol 7	68567699	82515942
HDL_cholesterol 7	8546068	27541138
HDL_cholesterol 7	90172182	101886704
HDL_cholesterol 7	970035	16394118
HDL_cholesterol 8	110085366	125945768
HDL_cholesterol 8	115311235	131377219
HDL_cholesterol 8	116654203	136031455
HDL_cholesterol 8	137106731	145183465
HDL_cholesterol 8	1520095	17919031
HDL_cholesterol 8	30235192	42237304
HDL_cholesterol 8	58913185	73471670
HDL_cholesterol 8	61297937	79172724
HDL_cholesterol 8	64240790	80596039
HDL_cholesterol 8	94030508	104157274
HDL_cholesterol 8	9821024	26806636
HDL_cholesterol 8	98861844	110756944
HDL_cholesterol 9	109526852	126924444
HDL_cholesterol 9	126708175	140017449
HDL_cholesterol 9	6021398	24819773
HDL_cholesterol 9	86024386	104971037
HDL_cholesterol 9	98430707	117461253
HDL_cholesterol X	117042365	131963205
HDL_cholesterol X	146128144	154930230
HDL_cholesterol X	55786144	68390605
HDL_cholesterol X	7495117	22396540
