Phosphate 10	115756130	125171461
Phosphate 10	123685244	134582962
Phosphate 10	12693760	31407314
Phosphate 10	340551	14700072
Phosphate 10	3815542	14736077
Phosphate 10	44018316	55769269
Phosphate 10	4938461	16522078
Phosphate 10	94220645	105490027
Phosphate 11	2178330	21326124
Phosphate 11	22632964	34633745
Phosphate 11	3812346	18642911
Phosphate 11	56942392	73065760
Phosphate 11	79092486	95917319
Phosphate 11	85843346	101678795
Phosphate 12	101273134	118645134
Phosphate 12	104310437	121588256
Phosphate 12	113617606	133143867
Phosphate 12	121647751	133273255
Phosphate 12	4004752	21387931
Phosphate 12	48790064	66379642
Phosphate 12	573594	14258765
Phosphate 12	89724927	101215500
Phosphate 12	97491284	116787529
Phosphate 13	42278362	56292442
Phosphate 14	20609658	30885770
Phosphate 14	91122972	100747010
Phosphate 15	31530546	50006184
Phosphate 15	43099550	61081736
Phosphate 15	54037271	69937135
Phosphate 15	67321545	83639227
Phosphate 16	49497330	58883270
Phosphate 16	591727	13131741
Phosphate 16	64199868	82991003
Phosphate 16	6685088	20074033
Phosphate 16	71197316	89684661
Phosphate 16	78748610	89933851
Phosphate 17	1237618	19423505
Phosphate 17	126701	10031183
Phosphate 17	198698	10036559
Phosphate 17	20399709	30046915
Phosphate 17	206424	16127206
Phosphate 17	27898096	47190299
Phosphate 17	36964899	53372566
Phosphate 17	52759902	67973260
Phosphate 17	57317123	76149178
Phosphate 17	73226459	81064661
Phosphate 17	8034628	27915411
Phosphate 18	35078535	53043220
Phosphate 19	10085315	21267934
Phosphate 19	2543078	19621197
Phosphate 19	33753243	50470130
Phosphate 19	33754044	44807723
Phosphate 19	412084	12630627
Phosphate 19	43578449	57863149
Phosphate 19	7845967	21931214
Phosphate 19	904543	14161745
Phosphate 1	11968382	31736188
Phosphate 1	145730701	162753211
Phosphate 1	151010521	169218340
Phosphate 1	189290924	208441488
Phosphate 1	233172868	248047568
Phosphate 1	37991624	51418378
Phosphate 1	41992232	61891333
Phosphate 20	30448565	49213493
Phosphate 20	38522565	50507009
Phosphate 20	45580284	62695878
Phosphate 20	564893	8514892
Phosphate 22	22975536	41128030
Phosphate 22	28603212	44208162
Phosphate 2	1043557	16237427
Phosphate 2	138894263	153434471
Phosphate 2	150622671	166624469
Phosphate 2	182997433	200671307
Phosphate 2	190987823	208317942
Phosphate 2	224596133	238558843
Phosphate 2	225028788	240544001
Phosphate 2	4483414	19735573
Phosphate 2	76649870	86456660
Phosphate 2	88542323	106457291
Phosphate 3	105394831	123790216
Phosphate 3	112532821	131578849
Phosphate 3	124707795	133209377
Phosphate 3	126036904	143381059
Phosphate 3	131537637	150209455
Phosphate 3	148602456	162994166
Phosphate 3	16177794	33192692
Phosphate 3	183560195	195546564
Phosphate 3	3710948	19690709
Phosphate 3	98436880	113591821
Phosphate 4	1327926	17141605
Phosphate 4	38009014	47457433
Phosphate 4	78965072	96733084
Phosphate 4	931783	12080286
Phosphate 5	122606336	141707225
Phosphate 5	123935281	142783949
Phosphate 5	134974502	151679513
Phosphate 5	150798334	165974655
Phosphate 5	169939316	178881034
Phosphate 5	34746221	44279689
Phosphate 5	5665474	24624788
Phosphate 5	80938476	96211741
Phosphate 6	101234390	116505795
Phosphate 6	10853456	28744021
Phosphate 6	116452203	125311013
Phosphate 6	117506042	136415792
Phosphate 6	122352700	139697704
Phosphate 6	126049040	143600801
Phosphate 6	143154886	160185151
Phosphate 6	21889733	37671215
Phosphate 6	23917646	43421598
Phosphate 6	24211083	43794144
Phosphate 6	37194717	53851341
Phosphate 6	69046289	79205683
Phosphate 7	11753658	28932468
Phosphate 7	166810	16306107
Phosphate 7	26665814	38153444
Phosphate 7	28172732	46981414
Phosphate 7	8064509	26442474
Phosphate 7	88474599	104514018
Phosphate 7	92235951	106366021
Phosphate 8	121390722	139702693
Phosphate 8	2346251	15794720
Phosphate 8	64149414	77408574
Phosphate 8	69599490	77303045
Phosphate 8	74255500	92380641
Phosphate 9	105345863	123483621
Phosphate 9	120227339	137736544
Phosphate 9	4485050	23796049
Phosphate 9	70954139	80834173
Phosphate 9	77384756	87111819
Phosphate 9	9446381	28506319
Phosphate X	15924022	30311439
Phosphate X	3488114	10604827
