Sodium_in_urine 11	21443639	41062788
Sodium_in_urine 12	70541806	84179850
Sodium_in_urine 13	89131240	109087492
Sodium_in_urine 15	66438551	82282258
Sodium_in_urine 16	23047279	33804769
Sodium_in_urine 16	47555554	55517880
Sodium_in_urine 19	31385232	47122571
Sodium_in_urine 19	39430327	58450917
Sodium_in_urine 2	18752643	36966900
Sodium_in_urine 2	192158196	208520462
Sodium_in_urine 2	51834839	70362566
Sodium_in_urine 2	95969415	109442014
Sodium_in_urine 3	18138740	28773291
Sodium_in_urine 3	25946214	44829629
Sodium_in_urine 5	79456087	95883690
Sodium_in_urine 6	41738889	58696666
Sodium_in_urine 6	53960803	62693104
Sodium_in_urine 6	90148723	108064197
Sodium_in_urine 7	63132105	79320547
Sodium_in_urine 7	7302937	26411778
Sodium_in_urine X	46936663	58417338
