Total_bilirubin 10	55138214	70553475
Total_bilirubin 10	63806809	80716022
Total_bilirubin 10	85684087	104187404
Total_bilirubin 10	90744325	102085102
Total_bilirubin 10	91744865	109483557
Total_bilirubin 11	109871366	126250680
Total_bilirubin 11	258023	11999029
Total_bilirubin 11	277381	18063977
Total_bilirubin 11	3878434	19860195
Total_bilirubin 11	54725140	70226841
Total_bilirubin 11	65473798	80961648
Total_bilirubin 11	92662438	109716644
Total_bilirubin 12	104156403	121404078
Total_bilirubin 12	115108361	129650862
Total_bilirubin 12	12557600	29946643
Total_bilirubin 12	16375108	32917044
Total_bilirubin 12	286829	6514963
Total_bilirubin 12	43541113	59990767
Total_bilirubin 12	56860020	70337349
Total_bilirubin 12	60062829	77061813
Total_bilirubin 14	48573538	60736427
Total_bilirubin 14	55831445	75255690
Total_bilirubin 15	51061883	68238462
Total_bilirubin 15	55091652	73694789
Total_bilirubin 15	65728694	81574356
Total_bilirubin 16	20002523	32107911
Total_bilirubin 16	71983096	88688547
Total_bilirubin 16	79229882	89582123
Total_bilirubin 17	17337705	36616089
Total_bilirubin 17	1880	17361033
Total_bilirubin 17	43675462	55562616
Total_bilirubin 17	48751164	67142229
Total_bilirubin 17	53266530	71606186
Total_bilirubin 17	59463239	75267167
Total_bilirubin 17	6357834	20840985
Total_bilirubin 17	66119799	79467370
Total_bilirubin 17	884518	8357483
Total_bilirubin 19	10401674	28694664
Total_bilirubin 19	35720459	54790306
Total_bilirubin 19	4042638	17764419
Total_bilirubin 19	41145835	59016790
Total_bilirubin 19	7636668	21360890
Total_bilirubin 1	149738019	161922365
Total_bilirubin 1	149751729	161688764
Total_bilirubin 1	149847301	168359644
Total_bilirubin 1	16444282	29226943
Total_bilirubin 1	18573637	35039955
Total_bilirubin 1	197012111	210792050
Total_bilirubin 1	213004495	230324801
Total_bilirubin 1	226419528	239320165
Total_bilirubin 1	238925915	248596377
Total_bilirubin 1	31325421	46605728
Total_bilirubin 1	55077870	72940273
Total_bilirubin 1	97834028	113751640
Total_bilirubin 20	30079334	49324932
Total_bilirubin 20	34160034	49384171
Total_bilirubin 22	17797775	30954071
Total_bilirubin 22	24291714	38112422
Total_bilirubin 22	28595518	46570969
Total_bilirubin 22	38052841	51034870
Total_bilirubin 2	104434005	119784193
Total_bilirubin 2	20034733	35684417
Total_bilirubin 2	202990187	220034497
Total_bilirubin 2	230179345	242551139
Total_bilirubin 2	23920632	42878715
Total_bilirubin 2	37067137	55325911
Total_bilirubin 2	55320173	70540140
Total_bilirubin 3	107338986	122285701
Total_bilirubin 3	126467452	144921637
Total_bilirubin 3	151099741	159893459
Total_bilirubin 3	160918909	179962945
Total_bilirubin 3	187632584	196552109
Total_bilirubin 3	2336608	22273650
Total_bilirubin 3	39295336	58391806
Total_bilirubin 4	119190679	131603386
Total_bilirubin 4	136295057	154793016
Total_bilirubin 4	66354218	77758502
Total_bilirubin 4	81063227	90774153
Total_bilirubin 4	95170527	101132795
Total_bilirubin 5	116938849	125016825
Total_bilirubin 5	122359840	141599428
Total_bilirubin 6	104535862	116893464
Total_bilirubin 6	125143279	134544398
Total_bilirubin 6	151646631	161342366
Total_bilirubin 6	16203306	35400919
Total_bilirubin 6	33017082	47905450
Total_bilirubin 6	969826	16295038
Total_bilirubin 7	17231347	30815535
Total_bilirubin 7	92263789	107529839
Total_bilirubin 7	9343891	26312632
Total_bilirubin 8	121040801	140842830
Total_bilirubin 8	13533335	27918368
Total_bilirubin 8	32635574	49629025
Total_bilirubin 9	109618865	128375583
Total_bilirubin 9	126163335	139412073
Total_bilirubin 9	129662038	137123464
Total_bilirubin 9	130627752	137483089
Total_bilirubin 9	84491492	99270577
Total_bilirubin 9	86769578	101442307
Total_bilirubin X	100449145	119278545
Total_bilirubin X	3894493	15616796
