Total_protein 10	114355472	132578132
Total_protein 10	1561307	15239029
Total_protein 10	55526191	72409024
Total_protein 10	82226454	99103576
Total_protein 10	8445575	27112896
Total_protein 10	88155646	102633698
Total_protein 11	101713224	120366078
Total_protein 11	110255055	128521250
Total_protein 11	113399482	130454178
Total_protein 11	119983391	134032707
Total_protein 11	219452	9083118
Total_protein 11	324880	18691098
Total_protein 11	42144438	57180023
Total_protein 11	54994214	71549174
Total_protein 11	64032041	78832155
Total_protein 12	102714224	121535209
Total_protein 12	114303644	129597700
Total_protein 12	115154642	133766122
Total_protein 12	18907010	33774077
Total_protein 12	2800649	20589698
Total_protein 12	388657	13355200
Total_protein 12	39444503	58275176
Total_protein 12	62853356	79829887
Total_protein 12	96109855	115261850
Total_protein 13	101436664	114529839
Total_protein 13	101462664	114073764
Total_protein 13	19612781	38261652
Total_protein 13	22938412	40060522
Total_protein 13	99075551	113657867
Total_protein 14	20677379	34326644
Total_protein 14	21064350	29220087
Total_protein 14	29211632	39199155
Total_protein 14	40996552	57507101
Total_protein 14	60796400	77560577
Total_protein 14	69216475	81885039
Total_protein 14	85912267	102506179
Total_protein 14	93615127	107227228
Total_protein 14	96540033	107222066
Total_protein 15	35076422	53910810
Total_protein 15	50890955	70758434
Total_protein 15	60685664	80146212
Total_protein 15	69964322	87706134
Total_protein 16	1984708	21085139
Total_protein 16	21026256	31616030
Total_protein 16	21054160	30385503
Total_protein 16	328339	12203789
Total_protein 16	66284408	81964728
Total_protein 16	79242909	90172495
Total_protein 17	1181235	10115471
Total_protein 17	1503394	17017743
Total_protein 17	27970431	47967360
Total_protein 17	35778762	53497765
Total_protein 17	41156153	56484072
Total_protein 17	48488099	67443001
Total_protein 17	60637258	76870675
Total_protein 17	66443929	79429228
Total_protein 17	7015755	25685480
Total_protein 17	72674975	80976117
Total_protein 18	362151	9867933
Total_protein 18	48679989	60633320
Total_protein 18	52236886	67959823
Total_protein 18	9020334	22654067
Total_protein 19	1147913	19756073
Total_protein 19	32178927	43877285
Total_protein 19	33784657	45291519
Total_protein 19	35843708	55332190
Total_protein 19	41851716	56714741
Total_protein 19	42957452	57050648
Total_protein 19	45346551	56750902
Total_protein 19	6796978	19654117
Total_protein 19	905893	13446438
Total_protein 19	911703	10801185
Total_protein 1	108304852	120247887
Total_protein 1	144565624	162125244
Total_protein 1	144578118	160516877
Total_protein 1	153611600	170638658
Total_protein 1	16057029	31594974
Total_protein 1	16502256	33810187
Total_protein 1	172250207	189142029
Total_protein 1	187757900	205673252
Total_protein 1	196679909	212866463
Total_protein 1	198476447	215103884
Total_protein 1	21030423	29544575
Total_protein 1	211344814	227225856
Total_protein 1	31284672	49236233
Total_protein 1	43702560	55094654
Total_protein 1	59646524	74586555
Total_protein 1	82407067	95676518
Total_protein 1	84026132	101761352
Total_protein 1	909419	11315439
Total_protein 20	10645197	26078895
Total_protein 20	22930149	41685538
Total_protein 20	33536897	51928708
Total_protein 20	379927	12787102
Total_protein 20	51936279	62347189
Total_protein 20	54543445	62811410
Total_protein 22	18418894	27742612
Total_protein 22	21123949	40412001
Total_protein 22	31446415	48974393
Total_protein 22	34548975	51085928
Total_protein 2	106398232	120941906
Total_protein 2	136833761	153441820
Total_protein 2	162286552	178140821
Total_protein 2	18695331	37433028
Total_protein 2	199366013	206193918
Total_protein 2	201706347	219615878
Total_protein 2	203341670	214038178
Total_protein 2	218438542	234651369
Total_protein 2	227608192	240338904
Total_protein 2	24288775	43514036
Total_protein 2	3630701	22832502
Total_protein 2	36776271	49332877
Total_protein 2	39714616	56190273
Total_protein 2	52958078	71730055
Total_protein 2	80549949	95421092
Total_protein 2	95613173	112023653
Total_protein 2	96812234	109914766
Total_protein 3	123957819	142694718
Total_protein 3	126068948	145860992
Total_protein 3	150889879	162488710
Total_protein 3	176745349	196366485
Total_protein 3	186408443	197439844
Total_protein 3	37089840	54711649
Total_protein 3	48387474	66448307
Total_protein 3	8388323	21682508
Total_protein 3	95875989	110300607
Total_protein 4	114057607	132376726
Total_protein 4	114252063	127833023
Total_protein 4	145283585	164075062
Total_protein 4	16204349	31086956
Total_protein 4	167958698	185730750
Total_protein 4	38677011	48455602
Total_protein 4	38708403	48106222
Total_protein 4	71182977	88796786
Total_protein 4	867941	13356393
Total_protein 4	95547467	110980201
Total_protein 4	99994455	114301779
Total_protein 5	107347395	119179730
Total_protein 5	118397878	137145358
Total_protein 5	139726292	159206130
Total_protein 5	25894276	43144000
Total_protein 5	32775047	46398959
Total_protein 5	422752	10597859
Total_protein 5	45454432	65204186
Total_protein 5	62571680	81735945
Total_protein 5	64689462	79813377
Total_protein 5	67360270	79702351
Total_protein 5	88222511	98451375
Total_protein 6	107994161	123096477
Total_protein 6	129900148	139714246
Total_protein 6	129994574	144375816
Total_protein 6	139607490	159321559
Total_protein 6	143148142	161095837
Total_protein 6	159891419	170830634
Total_protein 6	202076	7807702
Total_protein 6	22906944	42014304
Total_protein 6	33968953	45145657
Total_protein 6	34128961	51930096
Total_protein 6	44075719	55913867
Total_protein 6	7152243	23902911
Total_protein 6	83671710	99661871
Total_protein 6	90677685	104966222
Total_protein 6	98316558	116696486
Total_protein 7	123112856	140466126
Total_protein 7	140528999	155111129
Total_protein 7	40311792	56592763
Total_protein 7	61657	11756496
Total_protein 7	62179	9883107
Total_protein 7	6387514	23283652
Total_protein 7	64766077	81611478
Total_protein 7	84368071	100525805
Total_protein 7	8546126	26648075
Total_protein 8	120114333	135749321
Total_protein 8	120881668	135749555
Total_protein 8	12614901	32433312
Total_protein 8	13033843	32624857
Total_protein 8	133285539	145502055
Total_protein 8	1665389	19572567
Total_protein 8	21701375	38771408
Total_protein 8	52109950	71368014
Total_protein 8	71017438	81304587
Total_protein 8	73024988	91755806
Total_protein 8	86134784	103554945
Total_protein 9	103296294	120425133
Total_protein 9	106726184	126082763
Total_protein 9	129122116	140402875
Total_protein 9	129275417	138460445
Total_protein 9	130021638	139684996
Total_protein 9	25707029	36498515
Total_protein 9	77996819	96193003
Total_protein 9	90057830	101655003
Total_protein X	11295832	24272689
Total_protein X	139916135	150997695
Total_protein X	149694579	154522019
Total_protein X	15461426	27775415
Total_protein X	40329937	50102767
