Triglycerides 10	106472655	123749879
Triglycerides 10	2435206	14781641
Triglycerides 10	48025954	62368339
Triglycerides 10	53167746	71416127
Triglycerides 10	56630610	75105697
Triglycerides 10	72259995	81188388
Triglycerides 10	89445266	104198528
Triglycerides 10	89980449	107185539
Triglycerides 10	92477258	107331203
Triglycerides 11	102948592	121525439
Triglycerides 11	106613032	126304262
Triglycerides 11	17794878	36361616
Triglycerides 11	3850065	21008423
Triglycerides 11	42174646	57153948
Triglycerides 11	54725140	68791506
Triglycerides 11	54991780	72910829
Triglycerides 11	75436048	85260439
Triglycerides 12	10919313	29531989
Triglycerides 12	11476350	29540309
Triglycerides 12	115552961	133766122
Triglycerides 12	115553015	133143130
Triglycerides 12	361996	14069646
Triglycerides 12	48211678	67728022
Triglycerides 12	63530222	77511309
Triglycerides 12	9111095	26499556
Triglycerides 12	98974811	117171669
Triglycerides 13	107817459	115108598
Triglycerides 13	23488928	40772657
Triglycerides 13	44020648	59037838
Triglycerides 13	91899980	104364368
Triglycerides 14	55616533	73992657
Triglycerides 15	35753190	52001830
Triglycerides 15	35840383	49304330
Triglycerides 15	47687791	67324501
Triglycerides 15	49297526	67429522
Triglycerides 15	54439986	66899652
Triglycerides 15	54460652	73787381
Triglycerides 15	93440342	102173871
Triglycerides 16	24325105	31165795
Triglycerides 16	2480948	17291798
Triglycerides 16	328177	13247428
Triglycerides 16	349331	11263856
Triglycerides 16	52886878	66605261
Triglycerides 16	5547322	23758347
Triglycerides 16	64452519	79740711
Triglycerides 16	71594964	89312739
Triglycerides 16	75304086	89927151
Triglycerides 17	126835	10170125
Triglycerides 17	32989214	49448530
Triglycerides 17	36707101	56079430
Triglycerides 17	48441136	67218197
Triglycerides 17	54623421	74206610
Triglycerides 17	57559904	74281097
Triglycerides 17	62242678	74412111
Triglycerides 17	66433456	80536908
Triglycerides 17	7491978	26831908
Triglycerides 18	11446664	29951507
Triglycerides 18	11519692	26361242
Triglycerides 18	2846812	9816135
Triglycerides 18	52472982	66074737
Triglycerides 18	66811	9775220
Triglycerides 19	10418661	22097433
Triglycerides 19	30277729	41357457
Triglycerides 19	3094023	20128511
Triglycerides 19	32819841	45222600
Triglycerides 19	35483414	54875094
Triglycerides 19	40975007	58273086
Triglycerides 19	41732423	57491201
Triglycerides 19	46164672	57522084
Triglycerides 19	558434	18494537
Triglycerides 19	699899	15485556
Triglycerides 1	144593542	161851910
Triglycerides 1	149738019	157159254
Triglycerides 1	19318850	35175983
Triglycerides 1	210606852	228141651
Triglycerides 1	220314976	240087616
Triglycerides 1	30243818	47077871
Triglycerides 1	47751012	59464284
Triglycerides 1	53899244	72838406
Triglycerides 1	55522741	71526881
Triglycerides 1	86954453	100727383
Triglycerides 20	22543174	41717767
Triglycerides 20	29458283	48665191
Triglycerides 20	35467377	52748624
Triglycerides 20	35622769	53120133
Triglycerides 20	42207809	58276767
Triglycerides 20	47523248	58217370
Triglycerides 20	52718155	62856545
Triglycerides 21	36055895	47987185
Triglycerides 22	28725359	47432419
Triglycerides 22	37429129	51121561
Triglycerides 2	10620384	29643071
Triglycerides 2	111861838	124931863
Triglycerides 2	111863994	130751339
Triglycerides 2	12236057	30967587
Triglycerides 2	157573056	175254759
Triglycerides 2	161689449	181525235
Triglycerides 2	165377103	185183571
Triglycerides 2	18707873	37381806
Triglycerides 2	192671981	211771778
Triglycerides 2	193872415	212259228
Triglycerides 2	210478443	227659583
Triglycerides 2	217635847	234699066
Triglycerides 2	33909434	52450461
Triglycerides 2	55502579	71459295
Triglycerides 3	127027894	145613704
Triglycerides 3	137852291	149227029
Triglycerides 3	141013268	159952728
Triglycerides 3	14538763	33685404
Triglycerides 3	147091726	161393984
Triglycerides 3	161624463	179737469
Triglycerides 3	165978308	182216407
Triglycerides 3	178661045	196459301
Triglycerides 3	2846404	22374481
Triglycerides 3	42492734	61496896
Triglycerides 4	11023790	27921541
Triglycerides 4	149013042	163731187
Triglycerides 4	17806707	35026772
Triglycerides 4	47835538	63249614
Triglycerides 4	63177286	77211808
Triglycerides 4	71594175	81164723
Triglycerides 4	784176	11455740
Triglycerides 4	80609966	96181240
Triglycerides 4	82634427	99730977
Triglycerides 4	97664000	111118006
Triglycerides 5	111994592	127533085
Triglycerides 5	127256282	141709563
Triglycerides 5	147867847	165762783
Triglycerides 5	43572962	60685757
Triglycerides 5	52632291	60930305
Triglycerides 5	57783682	76711403
Triglycerides 5	80759029	97512070
Triglycerides 6	100051236	116396981
Triglycerides 6	118427216	133895376
Triglycerides 6	123909246	140532774
Triglycerides 6	124392695	133853982
Triglycerides 6	130311831	148508663
Triglycerides 6	151018244	170582046
Triglycerides 6	154591411	168328663
Triglycerides 6	23737661	41937058
Triglycerides 6	28470061	43809802
Triglycerides 6	33781832	53534951
Triglycerides 6	43215671	55459912
Triglycerides 7	106666157	122296361
Triglycerides 7	11924084	26396245
Triglycerides 7	120725123	140426257
Triglycerides 7	140412906	159017908
Triglycerides 7	16045952	31844140
Triglycerides 7	21987884	33817541
Triglycerides 7	296427	14984439
Triglycerides 7	35557420	53786445
Triglycerides 7	65726615	81533257
Triglycerides 7	66036398	84776872
Triglycerides 8	110358242	125839570
Triglycerides 8	116819022	136252938
Triglycerides 8	1261114	20348425
Triglycerides 8	15523366	33975605
Triglycerides 8	52844411	66985121
Triglycerides 8	63669119	80522605
Triglycerides 8	8262616	27189213
Triglycerides 8	9821024	27764027
Triglycerides 9	129412237	140441511
Triglycerides 9	131564263	140866826
Triglycerides 9	555765	10555358
Triglycerides 9	78645732	96580449
Triglycerides 9	87997869	102119699
Triglycerides 9	98677220	116812728
Triglycerides X	100361155	118913462
Triglycerides X	128656598	141399155
Triglycerides X	146705065	154930230
Triglycerides X	56100181	75516435
Triglycerides X	8129481	24345420
