Vitamin_D 11	110413266	126596817
Vitamin_D 11	4766477	21431441
Vitamin_D 11	61607047	80936656
Vitamin_D 11	66630006	86392615
Vitamin_D 12	11962723	24659352
Vitamin_D 12	87330730	104699408
Vitamin_D 14	29643715	46700378
Vitamin_D 14	94965685	105243435
Vitamin_D 15	51658342	66860069
Vitamin_D 15	53791815	72776715
Vitamin_D 16	48512480	65689130
Vitamin_D 16	69767709	89745094
Vitamin_D 17	36072974	48590750
Vitamin_D 17	57934654	73885161
Vitamin_D 19	10134861	23606179
Vitamin_D 19	2543970	18892520
Vitamin_D 19	41259576	58375558
Vitamin_D 19	45135841	58395416
Vitamin_D 1	101277629	118159793
Vitamin_D 1	145539892	161709119
Vitamin_D 1	150490849	165013647
Vitamin_D 1	214150821	230528339
Vitamin_D 1	31942339	51776342
Vitamin_D 1	57843919	72927340
Vitamin_D 1	8022171	26637631
Vitamin_D 20	42746076	62489027
Vitamin_D 21	14969265	23310444
Vitamin_D 2	15829746	23581619
Vitamin_D 2	18235611	37372486
Vitamin_D 2	202776178	220426232
Vitamin_D 2	233495974	239725646
Vitamin_D 2	53742374	66281811
Vitamin_D 3	40709956	58378391
Vitamin_D 3	80257958	95337896
Vitamin_D 4	415230	11015480
Vitamin_D 4	60429357	78630077
Vitamin_D 4	6480446	24608479
Vitamin_D 4	65862640	78821653
Vitamin_D 4	85789075	96662008
Vitamin_D 4	90635606	107836650
Vitamin_D 5	143540718	156483298
Vitamin_D 6	122720806	141783162
Vitamin_D 6	14500512	32750370
Vitamin_D 7	11908763	26648129
Vitamin_D 7	63160846	68893754
Vitamin_D 8	107493034	124587353
Vitamin_D 9	117335721	129331815
Vitamin_D X	43421994	54215352
